54435
46939
4077
13760
30062
62375
29028
3925
5308
41904
6490
37302
61252
52836
3171
48767
63338
17069
48608
58394
16343
50734
21049
956
12686
40822
45979
31547
11208
46226
54867
108
27629
58944
13868
57691
55783
42896
61617
61091
19264
2571
32858
14980
55407
36029
63747
53210
53098
46820
46068
3905
32018
1581
4861
44704
42404
50840
10715
53612
31530
46
53720
59159
58990
2053
51314
49238
44949
47395
44793
64214
49966
12115
13658
39838
48144
11870
27512
35706
58690
8044
39611
25172
9625
44472
4340
52029
29776
15056
40106
61306
15102
28290
54929
8557
30343
40708
57795
9757
22567
37052
8435
6998
49168
22093
46836
31776
33963
8812
1947
27117
16856
41558
52289
26481
20495
56630
12975
50271
6150
53081
46042
21252
15835
35435
29809
46179
10607
22068
55936
33175
59121
64371
40173
42753
20928
21473
8993
54892
30285
10940
16473
47141
52499
3227
8086
7458
59857
21061
57729
471
8606
38235
21723
24442
8135
51533
5085
18742
8065
61021
51917
1650
59856
26554
44403
15248
48027
53397
4604
12776
64337
21078
59917
51300
24305
2468
58758
18626
23529
50952
19097
32136
23651
40820
56578
31786
26817
61663
50529
34883
57148
36910
36533
51468
63465
15401
1180
45956
3262
5785
58733
2063
26863
53114
53364
51168
55582
46586
4258
13576
32002
23355
45712
55654
64175
36754
21904
25457
32881
6897
60340
24493
43808
31337
10425
41737
46738
11605
22157
50000
17390
15354
52064
44253
2933
39892
29885
58515
20942
34143
6555
52945
57498
52267
43063
56138
23485
64967
16059
56366
6329
10863
15323
50137
42200
25748
26338
23403
37354
48495
7867
54744
63850
59931
33462
1247
34287
63347
59762
55230
31955
782
42639
23917
53049
20166
14519
10999
19597
30578
1829
25926
41441
17153
10527
18106
42901
36865
41509
14719
19825
49376
3928
18139
43772
37390
19386
12523
35201
13612
2217
1620
14394
44856
25538
1908
65022
40057
12907
19084
5100
14736
45010
46541
31889
55538
64647
9255
26867
40620
23974
46692
24461
27902
64831
2697
65292
18681
15220
34958
32294
17438
36578
46688
62294
62116
48596
61781
36638
61503
15329
41738
10704
60339
22743
42593
50341
21855
51848
11673
62475
10287
58365
21400
38189
57661
24097
37946
10806
39318
7368
43100
56756
43946
24253
53514
40527
7313
49759
11629
3281
65088
53367
13985
59892
10574
56578
44697
32429
42891
56370
29369
53178
49200
50769
25831
41325
9331
63777
52131
48649
5609
29696
39869
49556
53949
27847
24547
61262
12071
36176
64543
11623
24007
12992
5979
34581
4035
50677
1475
46926
41511
30844
34568
25175
16077
60399
964
25408
58641
53096
8521
64250
17256
48390
48270
5669
10702
7281
1395
22773
43457
403
34396
1928
13395
40376
36510
17430
25517
37985
64356
1492
3293
33388
26668
19370
28252
27632
44779
21357
15192
53300
20071
32448
36155
2806
38117
46857
10087
39513
4094
53545
39916
38490
55473
53311
13330
26447
5206
38847
64432
4026
40340
2189
37415
1472
21560
131
29104
803
21488
44297
54103
41559
11209
24722
44365
49327
6043
54453
23304
10137
42462
63220
48628
32399
50995
61958
58847
56201
35270
57743
60228
10074
59933
32107
11546
15957
32238
40650
16760
53726
19411
5327
29749
30621
30050
8579
14412
36093
63032
37716
46231
39958
35400
29323
6821
20859
25745
132
11525
61015
57876
6217
5553
52273
38324
17099
2694
5026
57750
19454
58752
11625
24781
22965
42246
54831
31544
56658
25389
29040
28838
6084
3462
64238
35407
10284
19562
61152
10416
31087
56632
2756
37304
62185
55029
10092
13749
57723
15118
5963
11641
8334
17588
36423
31299
59835
25718
62844
50957
51107
26348
14260
57191
29811
12962
27062
40095
32524
22679
50511
63611
13775
53268
35379
10424
42761
45471
24173
34949
60589
30136
46590
3387
47725
17477
34687
42024
43196
31995
27445
28767
58343
41705
20423
22618
54668
47485
62713
21656
4628
47689
19732
18403
35421
55111
28828
12646
35047
53001
47595
30100
17602
28650
33488
65327
46127
2639
41815
23787
34634
3724
52555
27441
45430
7442
50060
34562
54927
47237
56218
59556
29390
10414
12423
64811
65526
41251
11922
35037
28717
59517
65137
46319
22631
33089
46110
3223
35728
22389
27010
4826
26113
14029
32268
6007
21471
16792
40569
10863
64029
31252
4883
27884
41666
17306
27159
41656
58558
39081
11157
21739
33063
10759
2522
55694
43848
48632
58917
14041
5485
20392
18867
31598
34421
51135
37606
55893
2391
12639
1220
885
43891
6103
28769
20022
23409
55928
61678
16431
29474
7300
38170
62537
18059
40692
52695
61907
23788
46077
10412
29273
933
29280
60872
35354
14879
32942
25711
17271
45581
26931
18156
23937
33034
46925
43959
56444
37317
40101
7339
1255
47401
45510
63792
65460
20666
50952
61832
44455
31493
6708
8192
32426
35988
3528
2244
50868
36470
27956
2603
16516
54887
20759
40453
22386
2148
18876
13294
39465
58977
20633
40721
40843
607
38977
40767
21274
24393
37063
193
55886
43772
8385
22776
14224
11914
25021
65092
48384
52977
2159
64900
42328
22918
39817
64714
25066
58693
12472
64532
52135
33106
39717
27442
33713
13158
2673
54987
37552
39737
55180
27902
17973
63566
50679
32197
9944
10164
31754
58328
63141
33913
57693
39933
56832
31974
39112
16362
25132
51584
15358
11731
19154
55075
39173
52868
2698
41846
42319
40250
16047
31964
2616
34020
29994
53295
682
39938
63459
32436
32730
61064
813
24887
35462
57645
56862
9038
8472
16458
60622
23830
28189
14241
13370
1826
1573
16068
43672
43892
56318
59720
10320
58934
28204
40314
46694
28886
14716
44617
61322
47447
40146
62136
6798
10072
54245
63660
19110
62717
14582
14196
21012
42771
28437
34382
44597
30010
50450
22734
8367
41232
16918
18687
34630
45122
59002
15788
8473
8182
60406
4259
55629
35016
859
62428
45088
55105
60552
64198
52286
9599
12858
7762
52370
41296
42144
31432
5770
27058
54166
14137
2754
5548
32825
37385
50670
26291
53173
59143
34473
48043
63403
24567
17523
64262
21459
62611
53831
16475
61273
40582
26074
8596
48344
12909
49892
24953
44341
55662
52011
32971
4264
54766
38519
37089
26615
23653
63380
14252
17261
32317
62296
15128
56884
14283
13854
12807
11359
2150
29283
7096
42732
55357
15692
